

******** <class 'pyscf.scf.hf.RHF'> ********
method = RHF
initial guess = minao
damping factor = 0
level_shift factor = 0
DIIS = <class 'pyscf.scf.diis.CDIIS'>
diis_start_cycle = 1
diis_space = 8
SCF conv_tol = 1e-09
SCF conv_tol_grad = 1e-05
SCF max_cycles = 1000
direct_scf = True
direct_scf_tol = 1e-13
chkfile to save SCF result = scf.fchk
max_memory 900000 MB (current use 79 MB)
init E= -582.330909064377
  HOMO = -0.270536488870326  LUMO = 0.0121710644215529
cycle= 1 E= -580.033186202491  delta_E=  2.3  |g|= 0.951  |ddm|= 5.16
  HOMO = -0.290349271583557  LUMO = 0.0650619117539371
cycle= 2 E= -580.211101200697  delta_E= -0.178  |g|= 0.606  |ddm|= 1.15
  HOMO = -0.410997315098851  LUMO = 0.116937925813212
cycle= 3 E= -580.279551922019  delta_E= -0.0685  |g|= 0.136  |ddm|= 0.527
  HOMO = -0.408142428659386  LUMO = 0.130936409456689
cycle= 4 E= -580.284588509055  delta_E= -0.00504  |g|= 0.0503  |ddm|= 0.141
  HOMO = -0.409355980119245  LUMO = 0.128111281623776
cycle= 5 E= -580.285126105322  delta_E= -0.000538  |g|= 0.00986  |ddm|= 0.0518
  HOMO = -0.411870990710963  LUMO = 0.128012375841493
cycle= 6 E= -580.285173887651  delta_E= -4.78e-05  |g|= 0.00382  |ddm|= 0.0173
  HOMO = -0.411853966105529  LUMO = 0.128523451587053
cycle= 7 E= -580.285184404239  delta_E= -1.05e-05  |g|= 0.00159  |ddm|= 0.00978
  HOMO = -0.412202870080194  LUMO = 0.128491322101196
cycle= 8 E= -580.285186138546  delta_E= -1.73e-06  |g|= 0.000442  |ddm|= 0.00425
  HOMO = -0.412220996604485  LUMO = 0.128500681835441
cycle= 9 E= -580.285186272856  delta_E= -1.34e-07  |g|= 8.91e-05  |ddm|= 0.00116
  HOMO = -0.412213287994536  LUMO = 0.128507173274997
cycle= 10 E= -580.285186277761  delta_E= -4.9e-09  |g|= 3.22e-05  |ddm|= 0.000172
  HOMO = -0.412216110223567  LUMO = 0.128499557164735
cycle= 11 E= -580.285186278202  delta_E= -4.41e-10  |g|= 8.08e-06  |ddm|= 4.75e-05
  HOMO = -0.412215178652183  LUMO = 0.128501194529282
Extra cycle  E= -580.285186278237  delta_E= -3.46e-11  |g|= 4.07e-06  |ddm|= 1.31e-05
converged SCF energy = -580.285186278237
AOs:  [0, 1, 2, 3, 4, 5, 6, 7, 8, 9, 10, 11, 12, 13, 14, 15, 16, 17, 18, 19, 20, 21, 22, 23, 24, 25, 26, 27, 28, 29, 30, 31, 32, 33, 34, 35, 36, 37, 38, 39, 40, 41, 42, 43, 44, 45, 46, 47, 48, 49, 50, 51]
52
Number of Active MOs:  13
Number of Environment MOs:  40
Number of Virtual MOs:  249
 # electrons:            α            β
         Env:  40.00000000  40.00000000
         Act:  13.00000000  13.00000000
         Vir:   0.00000000   0.00000000
Number of electrons in the active space:  26

 The density matrix is idempotent!

 The density matrix is idempotent!


******** <class 'pyscf.scf.hf.RHF'> ********
method = RHF
initial guess = minao
damping factor = 0
level_shift factor = 0
DIIS = <class 'pyscf.scf.diis.CDIIS'>
diis_start_cycle = 1
diis_space = 8
SCF conv_tol = 1e-09
SCF conv_tol_grad = 1e-05
SCF max_cycles = 200
direct_scf = True
direct_scf_tol = 1e-13
chkfile to save SCF result = subsys_scf.chk
max_memory 900000 MB (current use 8559 MB)
init E= 531.689155610274
  HOMO = -0.418313092437887  LUMO = 0.128500207004315
cycle= 1 E= 531.689152155733  delta_E= -3.45e-06  |g|= 2.17e-06  |ddm|= 5.46e-06
  HOMO = -0.418313204180244  LUMO = 0.128500338037442
cycle= 2 E= 531.689152155532  delta_E= -2e-10  |g|= 1.18e-06  |ddm|= 2.93e-06
  HOMO = -0.418313167641232  LUMO = 0.128500331911921
Extra cycle  E= 531.689152155717  delta_E= 1.85e-10  |g|= 7.05e-07  |ddm|= 1.81e-06
converged SCF energy = 531.689152155717
Difference in energy:  9.916208227878087e-09
E(MP2) = 531.205912956635  E_corr = -0.483239199081937
Total energy =  -580.7684254773347
time elapsed:  56.516220808029175
